{
 "metadata": {
  "name": "Snippets for Data Science"
 },
 "nbformat": 3,
 "nbformat_minor": 0,
 "worksheets": [
  {
   "cells": [
    {
     "cell_type": "markdown",
     "metadata": {},
     "source": [
      "Python for Data Science\n",
      "=====\n",
      "I wrote this notebook while figuring out what tools Python offers to solve data science problems i.e. those kind of programming task where spreadsheet like data has to be handled and analyzed with a statistical set of mind. Consequently the following code snippets are mainly using packages like `numpy, pandas` and `matplotlib`. It comprises the topics:\n",
      "\n",
      "- Random Numbers\n",
      "- Numpy Arrays and Matrices\n",
      "- Broadcasting of values in matrices\n",
      "- Pandas Series and DataFrames\n",
      "- I/O for DataFrames\n",
      "- Combining, Merging and Rearranging of DataFrames\n",
      "- Histograms\n",
      "- Plotting\n",
      "- Data Grouping and Aggregation\n",
      "- Pivot and Cross Tables\n",
      "- Handling of Time Series and Finanzial Data\n",
      "\n",
      "*Acknowledgment:* Lots of the code down below is inspired by the very helpfull book \"Python for Data Analysis\" by Wes McKinney published at O'Reilly.\n",
      "\n",
      "(c) Florian Hoppe 2013"
     ]
    },
    {
     "cell_type": "code",
     "collapsed": false,
     "input": [
      "import pandas as pd\n",
      "from pandas import DataFrame, Series\n",
      "import numpy as np\n",
      "import matplotlib.pyplot as plt\n",
      "import numpy.random as rand\n",
      "from datetime import datetime, timedelta\n",
      "import dateutil\n",
      "import misc as hlp"
     ],
     "language": "python",
     "metadata": {},
     "outputs": [],
     "prompt_number": 14
    },
    {
     "cell_type": "code",
     "collapsed": false,
     "input": [
      "%pylab inline"
     ],
     "language": "python",
     "metadata": {},
     "outputs": [
      {
       "output_type": "stream",
       "stream": "stdout",
       "text": [
        "\n",
        "Welcome to pylab, a matplotlib-based Python environment [backend: module://IPython.zmq.pylab.backend_inline].\n",
        "For more information, type 'help(pylab)'.\n"
       ]
      }
     ],
     "prompt_number": 4
    },
    {
     "cell_type": "heading",
     "level": 1,
     "metadata": {},
     "source": [
      "Random Numbers:"
     ]
    },
    {
     "cell_type": "code",
     "collapsed": false,
     "input": [
      "rand.randint(0,2,size=(5,2))"
     ],
     "language": "python",
     "metadata": {},
     "outputs": [
      {
       "output_type": "pyout",
       "prompt_number": 101,
       "text": [
        "array([[0, 0],\n",
        "       [1, 0],\n",
        "       [0, 1],\n",
        "       [0, 1],\n",
        "       [0, 0]])"
       ]
      }
     ],
     "prompt_number": 101
    },
    {
     "cell_type": "code",
     "collapsed": false,
     "input": [
      "rand.normal(0, 1, size=(10,2))"
     ],
     "language": "python",
     "metadata": {},
     "outputs": [
      {
       "output_type": "pyout",
       "prompt_number": 102,
       "text": [
        "array([[-0.09675095,  1.41022276],\n",
        "       [ 0.08331002, -1.01390688],\n",
        "       [-1.02670791,  0.78575858],\n",
        "       [-0.56622282,  1.28850691],\n",
        "       [-1.44063462, -0.23504318],\n",
        "       [-2.60446661,  0.46358683],\n",
        "       [ 0.08546987, -2.18813767],\n",
        "       [ 0.59816834, -0.70568697],\n",
        "       [-1.06188424,  0.34101838],\n",
        "       [ 0.65117497, -0.34601664]])"
       ]
      }
     ],
     "prompt_number": 102
    },
    {
     "cell_type": "code",
     "collapsed": false,
     "input": [
      "random_data = np.concatenate([rand.normal(0,.5,(100,2)),rand.normal(5,1,(200,2))])\n",
      "plt.scatter(random_data[:,0],random_data[:,1])"
     ],
     "language": "python",
     "metadata": {},
     "outputs": [
      {
       "output_type": "pyout",
       "prompt_number": 110,
       "text": [
        "<matplotlib.collections.PathCollection at 0xa7eb940>"
       ]
      }
     ],
     "prompt_number": 110
    },
    {
     "cell_type": "code",
     "collapsed": false,
     "input": [
      "np.random.randn(2,3) # normal distribution\n",
      "np.random.rand(2,3)  # uniform distribution"
     ],
     "language": "python",
     "metadata": {},
     "outputs": [
      {
       "output_type": "pyout",
       "prompt_number": 33,
       "text": [
        "array([[ 0.6062381 ,  0.73490793,  0.54977326],\n",
        "       [ 0.37106928,  0.74039583,  0.96761176]])"
       ]
      }
     ],
     "prompt_number": 33
    },
    {
     "cell_type": "code",
     "collapsed": false,
     "input": [
      "np.random.permutation(10)"
     ],
     "language": "python",
     "metadata": {},
     "outputs": [
      {
       "output_type": "pyout",
       "prompt_number": 28,
       "text": [
        "array([4, 0, 6, 2, 7, 1, 3, 5, 8, 9])"
       ]
      }
     ],
     "prompt_number": 28
    },
    {
     "cell_type": "code",
     "collapsed": false,
     "input": [
      "t = np.arange(5)\n",
      "np.random.shuffle(t)\n",
      "t"
     ],
     "language": "python",
     "metadata": {},
     "outputs": [
      {
       "output_type": "pyout",
       "prompt_number": 120,
       "text": [
        "array([0, 4, 2, 1, 3])"
       ]
      }
     ],
     "prompt_number": 120
    },
    {
     "cell_type": "code",
     "collapsed": false,
     "input": [
      "n = 10000\n",
      "v1 = rand.normal(0,.5,n)\n",
      "v2 = rand.normal(10,.75,n)\n",
      "v3 = v1*3+10\n",
      "v4 = rand.uniform(-10,10,n)\n",
      "v5 = v1*v2\n",
      "v6 = v1+v2+v3\n",
      "mat = np.concatenate([v1,v2,v3,v4,v5,v6]).reshape(6,n).T\n",
      "mat.shape"
     ],
     "language": "python",
     "metadata": {},
     "outputs": [
      {
       "output_type": "pyout",
       "prompt_number": 2,
       "text": [
        "(10000L, 6L)"
       ]
      }
     ],
     "prompt_number": 2
    },
    {
     "cell_type": "code",
     "collapsed": false,
     "input": [
      "v1.std()==v1.var()**.5"
     ],
     "language": "python",
     "metadata": {},
     "outputs": [
      {
       "output_type": "pyout",
       "prompt_number": 59,
       "text": [
        "True"
       ]
      }
     ],
     "prompt_number": 59
    },
    {
     "cell_type": "code",
     "collapsed": false,
     "input": [
      "np.cov(mat.T)"
     ],
     "language": "python",
     "metadata": {},
     "outputs": [
      {
       "output_type": "pyout",
       "prompt_number": 3,
       "text": [
        "array([[  2.47965623e-01,   4.08848491e-03,   7.43896868e-01,\n",
        "          1.98422062e-02,   2.48179344e+00,   9.95950976e-01],\n",
        "       [  4.08848491e-03,   5.61573123e-01,   1.22654547e-02,\n",
        "          3.87392111e-02,   3.97894902e-02,   5.77927062e-01],\n",
        "       [  7.43896868e-01,   1.22654547e-02,   2.23169060e+00,\n",
        "          5.95266187e-02,   7.44538032e+00,   2.98785293e+00],\n",
        "       [  1.98422062e-02,   3.87392111e-02,   5.95266187e-02,\n",
        "          3.33664381e+01,   2.45949459e-01,   1.18108036e-01],\n",
        "       [  2.48179344e+00,   3.97894902e-02,   7.44538032e+00,\n",
        "          2.45949459e-01,   2.49790676e+01,   9.96696326e+00],\n",
        "       [  9.95950976e-01,   5.77927062e-01,   2.98785293e+00,\n",
        "          1.18108036e-01,   9.96696326e+00,   4.56173096e+00]])"
       ]
      }
     ],
     "prompt_number": 3
    },
    {
     "cell_type": "code",
     "collapsed": false,
     "input": [
      "np.corrcoef(mat.T)"
     ],
     "language": "python",
     "metadata": {},
     "outputs": [
      {
       "output_type": "pyout",
       "prompt_number": 4,
       "text": [
        "array([[ 1.        ,  0.01095629,  1.        ,  0.00689826,  0.99719888,\n",
        "         0.93643447],\n",
        "       [ 0.01095629,  1.        ,  0.01095629,  0.00894937,  0.01062373,\n",
        "         0.36108134],\n",
        "       [ 1.        ,  0.01095629,  1.        ,  0.00689826,  0.99719888,\n",
        "         0.93643447],\n",
        "       [ 0.00689826,  0.00894937,  0.00689826,  1.        ,  0.00851928,\n",
        "         0.00957326],\n",
        "       [ 0.99719888,  0.01062373,  0.99719888,  0.00851928,  1.        ,\n",
        "         0.93370549],\n",
        "       [ 0.93643447,  0.36108134,  0.93643447,  0.00957326,  0.93370549,\n",
        "         1.        ]])"
       ]
      }
     ],
     "prompt_number": 4
    },
    {
     "cell_type": "code",
     "collapsed": false,
     "input": [
      "df = DataFrame({'v1':v1,'v2':v2,'v3':v3,'v4':v4,'v5':v5,'v6':v6})\n",
      "df[:3]"
     ],
     "language": "python",
     "metadata": {},
     "outputs": [
      {
       "html": [
        "<div style=\"max-height:1000px;max-width:1500px;overflow:auto;\">\n",
        "<table border=\"1\" class=\"dataframe\">\n",
        "  <thead>\n",
        "    <tr style=\"text-align: right;\">\n",
        "      <th></th>\n",
        "      <th>v1</th>\n",
        "      <th>v2</th>\n",
        "      <th>v3</th>\n",
        "      <th>v4</th>\n",
        "      <th>v5</th>\n",
        "      <th>v6</th>\n",
        "    </tr>\n",
        "  </thead>\n",
        "  <tbody>\n",
        "    <tr>\n",
        "      <th>0</th>\n",
        "      <td> 0.856301</td>\n",
        "      <td>  9.804413</td>\n",
        "      <td> 12.568904</td>\n",
        "      <td>-3.444391</td>\n",
        "      <td> 8.395533</td>\n",
        "      <td> 23.229618</td>\n",
        "    </tr>\n",
        "    <tr>\n",
        "      <th>1</th>\n",
        "      <td> 0.168428</td>\n",
        "      <td> 10.670377</td>\n",
        "      <td> 10.505283</td>\n",
        "      <td> 5.160607</td>\n",
        "      <td> 1.797187</td>\n",
        "      <td> 21.344088</td>\n",
        "    </tr>\n",
        "    <tr>\n",
        "      <th>2</th>\n",
        "      <td>-0.098325</td>\n",
        "      <td>  8.586418</td>\n",
        "      <td>  9.705026</td>\n",
        "      <td> 7.626106</td>\n",
        "      <td>-0.844257</td>\n",
        "      <td> 18.193119</td>\n",
        "    </tr>\n",
        "  </tbody>\n",
        "</table>\n",
        "</div>"
       ],
       "output_type": "pyout",
       "prompt_number": 5,
       "text": [
        "         v1         v2         v3        v4        v5         v6\n",
        "0  0.856301   9.804413  12.568904 -3.444391  8.395533  23.229618\n",
        "1  0.168428  10.670377  10.505283  5.160607  1.797187  21.344088\n",
        "2 -0.098325   8.586418   9.705026  7.626106 -0.844257  18.193119"
       ]
      }
     ],
     "prompt_number": 5
    },
    {
     "cell_type": "code",
     "collapsed": false,
     "input": [
      "df.cov()"
     ],
     "language": "python",
     "metadata": {},
     "outputs": [
      {
       "html": [
        "<div style=\"max-height:1000px;max-width:1500px;overflow:auto;\">\n",
        "<table border=\"1\" class=\"dataframe\">\n",
        "  <thead>\n",
        "    <tr style=\"text-align: right;\">\n",
        "      <th></th>\n",
        "      <th>v1</th>\n",
        "      <th>v2</th>\n",
        "      <th>v3</th>\n",
        "      <th>v4</th>\n",
        "    </tr>\n",
        "  </thead>\n",
        "  <tbody>\n",
        "    <tr>\n",
        "      <th>v1</th>\n",
        "      <td> 0.249482</td>\n",
        "      <td>-0.001939</td>\n",
        "      <td> 0.748447</td>\n",
        "      <td> -0.001653</td>\n",
        "    </tr>\n",
        "    <tr>\n",
        "      <th>v2</th>\n",
        "      <td>-0.001939</td>\n",
        "      <td> 0.569149</td>\n",
        "      <td>-0.005817</td>\n",
        "      <td> -0.053476</td>\n",
        "    </tr>\n",
        "    <tr>\n",
        "      <th>v3</th>\n",
        "      <td> 0.748447</td>\n",
        "      <td>-0.005817</td>\n",
        "      <td> 2.245341</td>\n",
        "      <td> -0.004959</td>\n",
        "    </tr>\n",
        "    <tr>\n",
        "      <th>v4</th>\n",
        "      <td>-0.001653</td>\n",
        "      <td>-0.053476</td>\n",
        "      <td>-0.004959</td>\n",
        "      <td> 33.431387</td>\n",
        "    </tr>\n",
        "  </tbody>\n",
        "</table>\n",
        "</div>"
       ],
       "output_type": "pyout",
       "prompt_number": 77,
       "text": [
        "          v1        v2        v3         v4\n",
        "v1  0.249482 -0.001939  0.748447  -0.001653\n",
        "v2 -0.001939  0.569149 -0.005817  -0.053476\n",
        "v3  0.748447 -0.005817  2.245341  -0.004959\n",
        "v4 -0.001653 -0.053476 -0.004959  33.431387"
       ]
      }
     ],
     "prompt_number": 77
    },
    {
     "cell_type": "code",
     "collapsed": false,
     "input": [
      "df.cov()\n",
      "# corr is standardized cov: each cov value has to be devided by the product of the std dev of the correlated variables\n",
      "# df.cov().div(df.std()[0]*df.std()[1])"
     ],
     "language": "python",
     "metadata": {},
     "outputs": [
      {
       "html": [
        "<div style=\"max-height:1000px;max-width:1500px;overflow:auto;\">\n",
        "<table border=\"1\" class=\"dataframe\">\n",
        "  <thead>\n",
        "    <tr style=\"text-align: right;\">\n",
        "      <th></th>\n",
        "      <th>v1</th>\n",
        "      <th>v2</th>\n",
        "      <th>v3</th>\n",
        "      <th>v4</th>\n",
        "      <th>v5</th>\n",
        "      <th>v6</th>\n",
        "    </tr>\n",
        "  </thead>\n",
        "  <tbody>\n",
        "    <tr>\n",
        "      <th>v1</th>\n",
        "      <td> 0.247966</td>\n",
        "      <td> 0.004088</td>\n",
        "      <td> 0.743897</td>\n",
        "      <td>  0.019842</td>\n",
        "      <td>  2.481793</td>\n",
        "      <td> 0.995951</td>\n",
        "    </tr>\n",
        "    <tr>\n",
        "      <th>v2</th>\n",
        "      <td> 0.004088</td>\n",
        "      <td> 0.561573</td>\n",
        "      <td> 0.012265</td>\n",
        "      <td>  0.038739</td>\n",
        "      <td>  0.039789</td>\n",
        "      <td> 0.577927</td>\n",
        "    </tr>\n",
        "    <tr>\n",
        "      <th>v3</th>\n",
        "      <td> 0.743897</td>\n",
        "      <td> 0.012265</td>\n",
        "      <td> 2.231691</td>\n",
        "      <td>  0.059527</td>\n",
        "      <td>  7.445380</td>\n",
        "      <td> 2.987853</td>\n",
        "    </tr>\n",
        "    <tr>\n",
        "      <th>v4</th>\n",
        "      <td> 0.019842</td>\n",
        "      <td> 0.038739</td>\n",
        "      <td> 0.059527</td>\n",
        "      <td> 33.366438</td>\n",
        "      <td>  0.245949</td>\n",
        "      <td> 0.118108</td>\n",
        "    </tr>\n",
        "    <tr>\n",
        "      <th>v5</th>\n",
        "      <td> 2.481793</td>\n",
        "      <td> 0.039789</td>\n",
        "      <td> 7.445380</td>\n",
        "      <td>  0.245949</td>\n",
        "      <td> 24.979068</td>\n",
        "      <td> 9.966963</td>\n",
        "    </tr>\n",
        "    <tr>\n",
        "      <th>v6</th>\n",
        "      <td> 0.995951</td>\n",
        "      <td> 0.577927</td>\n",
        "      <td> 2.987853</td>\n",
        "      <td>  0.118108</td>\n",
        "      <td>  9.966963</td>\n",
        "      <td> 4.561731</td>\n",
        "    </tr>\n",
        "  </tbody>\n",
        "</table>\n",
        "</div>"
       ],
       "output_type": "pyout",
       "prompt_number": 6,
       "text": [
        "          v1        v2        v3         v4         v5        v6\n",
        "v1  0.247966  0.004088  0.743897   0.019842   2.481793  0.995951\n",
        "v2  0.004088  0.561573  0.012265   0.038739   0.039789  0.577927\n",
        "v3  0.743897  0.012265  2.231691   0.059527   7.445380  2.987853\n",
        "v4  0.019842  0.038739  0.059527  33.366438   0.245949  0.118108\n",
        "v5  2.481793  0.039789  7.445380   0.245949  24.979068  9.966963\n",
        "v6  0.995951  0.577927  2.987853   0.118108   9.966963  4.561731"
       ]
      }
     ],
     "prompt_number": 6
    },
    {
     "cell_type": "code",
     "collapsed": false,
     "input": [
      "df.corr()"
     ],
     "language": "python",
     "metadata": {},
     "outputs": [
      {
       "html": [
        "<div style=\"max-height:1000px;max-width:1500px;overflow:auto;\">\n",
        "<table border=\"1\" class=\"dataframe\">\n",
        "  <thead>\n",
        "    <tr style=\"text-align: right;\">\n",
        "      <th></th>\n",
        "      <th>v1</th>\n",
        "      <th>v2</th>\n",
        "      <th>v3</th>\n",
        "      <th>v4</th>\n",
        "      <th>v5</th>\n",
        "      <th>v6</th>\n",
        "    </tr>\n",
        "  </thead>\n",
        "  <tbody>\n",
        "    <tr>\n",
        "      <th>v1</th>\n",
        "      <td> 1.000000</td>\n",
        "      <td> 0.010956</td>\n",
        "      <td> 1.000000</td>\n",
        "      <td> 0.006898</td>\n",
        "      <td> 0.997199</td>\n",
        "      <td> 0.936434</td>\n",
        "    </tr>\n",
        "    <tr>\n",
        "      <th>v2</th>\n",
        "      <td> 0.010956</td>\n",
        "      <td> 1.000000</td>\n",
        "      <td> 0.010956</td>\n",
        "      <td> 0.008949</td>\n",
        "      <td> 0.010624</td>\n",
        "      <td> 0.361081</td>\n",
        "    </tr>\n",
        "    <tr>\n",
        "      <th>v3</th>\n",
        "      <td> 1.000000</td>\n",
        "      <td> 0.010956</td>\n",
        "      <td> 1.000000</td>\n",
        "      <td> 0.006898</td>\n",
        "      <td> 0.997199</td>\n",
        "      <td> 0.936434</td>\n",
        "    </tr>\n",
        "    <tr>\n",
        "      <th>v4</th>\n",
        "      <td> 0.006898</td>\n",
        "      <td> 0.008949</td>\n",
        "      <td> 0.006898</td>\n",
        "      <td> 1.000000</td>\n",
        "      <td> 0.008519</td>\n",
        "      <td> 0.009573</td>\n",
        "    </tr>\n",
        "    <tr>\n",
        "      <th>v5</th>\n",
        "      <td> 0.997199</td>\n",
        "      <td> 0.010624</td>\n",
        "      <td> 0.997199</td>\n",
        "      <td> 0.008519</td>\n",
        "      <td> 1.000000</td>\n",
        "      <td> 0.933705</td>\n",
        "    </tr>\n",
        "    <tr>\n",
        "      <th>v6</th>\n",
        "      <td> 0.936434</td>\n",
        "      <td> 0.361081</td>\n",
        "      <td> 0.936434</td>\n",
        "      <td> 0.009573</td>\n",
        "      <td> 0.933705</td>\n",
        "      <td> 1.000000</td>\n",
        "    </tr>\n",
        "  </tbody>\n",
        "</table>\n",
        "</div>"
       ],
       "output_type": "pyout",
       "prompt_number": 26,
       "text": [
        "          v1        v2        v3        v4        v5        v6\n",
        "v1  1.000000  0.010956  1.000000  0.006898  0.997199  0.936434\n",
        "v2  0.010956  1.000000  0.010956  0.008949  0.010624  0.361081\n",
        "v3  1.000000  0.010956  1.000000  0.006898  0.997199  0.936434\n",
        "v4  0.006898  0.008949  0.006898  1.000000  0.008519  0.009573\n",
        "v5  0.997199  0.010624  0.997199  0.008519  1.000000  0.933705\n",
        "v6  0.936434  0.361081  0.936434  0.009573  0.933705  1.000000"
       ]
      }
     ],
     "prompt_number": 26
    },
    {
     "cell_type": "code",
     "collapsed": false,
     "input": [
      "U,S,V = np.linalg.svd(df)"
     ],
     "language": "python",
     "metadata": {},
     "outputs": [],
     "prompt_number": 8
    },
    {
     "cell_type": "code",
     "collapsed": false,
     "input": [
      "Series(S)"
     ],
     "language": "python",
     "metadata": {},
     "outputs": [
      {
       "output_type": "pyout",
       "prompt_number": 16,
       "text": [
        "0    2.461739e+03\n",
        "1    5.776395e+02\n",
        "2    5.118762e+02\n",
        "3    5.232475e+01\n",
        "4    4.228912e+00\n",
        "5    3.276289e-12\n",
        "dtype: float64"
       ]
      }
     ],
     "prompt_number": 16
    },
    {
     "cell_type": "code",
     "collapsed": false,
     "input": [
      "V = DataFrame(V)\n",
      "V[V<0.001]=0\n",
      "V"
     ],
     "language": "python",
     "metadata": {},
     "outputs": [
      {
       "html": [
        "<div style=\"max-height:1000px;max-width:1500px;overflow:auto;\">\n",
        "<table border=\"1\" class=\"dataframe\">\n",
        "  <thead>\n",
        "    <tr style=\"text-align: right;\">\n",
        "      <th></th>\n",
        "      <th>0</th>\n",
        "      <th>1</th>\n",
        "      <th>2</th>\n",
        "      <th>3</th>\n",
        "      <th>4</th>\n",
        "      <th>5</th>\n",
        "    </tr>\n",
        "  </thead>\n",
        "  <tbody>\n",
        "    <tr>\n",
        "      <th>0</th>\n",
        "      <td> 0.000000</td>\n",
        "      <td> 0.0</td>\n",
        "      <td> 0.000000</td>\n",
        "      <td> 0.000000</td>\n",
        "      <td> 0.00000</td>\n",
        "      <td> 0.000000</td>\n",
        "    </tr>\n",
        "    <tr>\n",
        "      <th>1</th>\n",
        "      <td> 0.002499</td>\n",
        "      <td> 0.0</td>\n",
        "      <td> 0.000000</td>\n",
        "      <td> 0.999621</td>\n",
        "      <td> 0.02654</td>\n",
        "      <td> 0.000000</td>\n",
        "    </tr>\n",
        "    <tr>\n",
        "      <th>2</th>\n",
        "      <td> 0.096563</td>\n",
        "      <td> 0.0</td>\n",
        "      <td> 0.106076</td>\n",
        "      <td> 0.000000</td>\n",
        "      <td> 0.97153</td>\n",
        "      <td> 0.016809</td>\n",
        "    </tr>\n",
        "    <tr>\n",
        "      <th>3</th>\n",
        "      <td> 0.000000</td>\n",
        "      <td> 0.0</td>\n",
        "      <td> 0.695710</td>\n",
        "      <td> 0.001045</td>\n",
        "      <td> 0.00000</td>\n",
        "      <td> 0.000000</td>\n",
        "    </tr>\n",
        "    <tr>\n",
        "      <th>4</th>\n",
        "      <td> 0.860556</td>\n",
        "      <td> 0.0</td>\n",
        "      <td> 0.000000</td>\n",
        "      <td> 0.000000</td>\n",
        "      <td> 0.00000</td>\n",
        "      <td> 0.286849</td>\n",
        "    </tr>\n",
        "    <tr>\n",
        "      <th>5</th>\n",
        "      <td> 0.500000</td>\n",
        "      <td> 0.5</td>\n",
        "      <td> 0.500000</td>\n",
        "      <td> 0.000000</td>\n",
        "      <td> 0.00000</td>\n",
        "      <td> 0.000000</td>\n",
        "    </tr>\n",
        "  </tbody>\n",
        "</table>\n",
        "</div>"
       ],
       "output_type": "pyout",
       "prompt_number": 14,
       "text": [
        "          0    1         2         3        4         5\n",
        "0  0.000000  0.0  0.000000  0.000000  0.00000  0.000000\n",
        "1  0.002499  0.0  0.000000  0.999621  0.02654  0.000000\n",
        "2  0.096563  0.0  0.106076  0.000000  0.97153  0.016809\n",
        "3  0.000000  0.0  0.695710  0.001045  0.00000  0.000000\n",
        "4  0.860556  0.0  0.000000  0.000000  0.00000  0.286849\n",
        "5  0.500000  0.5  0.500000  0.000000  0.00000  0.000000"
       ]
      }
     ],
     "prompt_number": 14
    },
    {
     "cell_type": "code",
     "collapsed": false,
     "input": [
      "df.corr()"
     ],
     "language": "python",
     "metadata": {},
     "outputs": [
      {
       "html": [
        "<div style=\"max-height:1000px;max-width:1500px;overflow:auto;\">\n",
        "<table border=\"1\" class=\"dataframe\">\n",
        "  <thead>\n",
        "    <tr style=\"text-align: right;\">\n",
        "      <th></th>\n",
        "      <th>v1</th>\n",
        "      <th>v2</th>\n",
        "      <th>v3</th>\n",
        "      <th>v4</th>\n",
        "      <th>v5</th>\n",
        "      <th>v6</th>\n",
        "    </tr>\n",
        "  </thead>\n",
        "  <tbody>\n",
        "    <tr>\n",
        "      <th>v1</th>\n",
        "      <td> 1.000000</td>\n",
        "      <td> 0.010956</td>\n",
        "      <td> 1.000000</td>\n",
        "      <td> 0.006898</td>\n",
        "      <td> 0.997199</td>\n",
        "      <td> 0.936434</td>\n",
        "    </tr>\n",
        "    <tr>\n",
        "      <th>v2</th>\n",
        "      <td> 0.010956</td>\n",
        "      <td> 1.000000</td>\n",
        "      <td> 0.010956</td>\n",
        "      <td> 0.008949</td>\n",
        "      <td> 0.010624</td>\n",
        "      <td> 0.361081</td>\n",
        "    </tr>\n",
        "    <tr>\n",
        "      <th>v3</th>\n",
        "      <td> 1.000000</td>\n",
        "      <td> 0.010956</td>\n",
        "      <td> 1.000000</td>\n",
        "      <td> 0.006898</td>\n",
        "      <td> 0.997199</td>\n",
        "      <td> 0.936434</td>\n",
        "    </tr>\n",
        "    <tr>\n",
        "      <th>v4</th>\n",
        "      <td> 0.006898</td>\n",
        "      <td> 0.008949</td>\n",
        "      <td> 0.006898</td>\n",
        "      <td> 1.000000</td>\n",
        "      <td> 0.008519</td>\n",
        "      <td> 0.009573</td>\n",
        "    </tr>\n",
        "    <tr>\n",
        "      <th>v5</th>\n",
        "      <td> 0.997199</td>\n",
        "      <td> 0.010624</td>\n",
        "      <td> 0.997199</td>\n",
        "      <td> 0.008519</td>\n",
        "      <td> 1.000000</td>\n",
        "      <td> 0.933705</td>\n",
        "    </tr>\n",
        "    <tr>\n",
        "      <th>v6</th>\n",
        "      <td> 0.936434</td>\n",
        "      <td> 0.361081</td>\n",
        "      <td> 0.936434</td>\n",
        "      <td> 0.009573</td>\n",
        "      <td> 0.933705</td>\n",
        "      <td> 1.000000</td>\n",
        "    </tr>\n",
        "  </tbody>\n",
        "</table>\n",
        "</div>"
       ],
       "output_type": "pyout",
       "prompt_number": 27,
       "text": [
        "          v1        v2        v3        v4        v5        v6\n",
        "v1  1.000000  0.010956  1.000000  0.006898  0.997199  0.936434\n",
        "v2  0.010956  1.000000  0.010956  0.008949  0.010624  0.361081\n",
        "v3  1.000000  0.010956  1.000000  0.006898  0.997199  0.936434\n",
        "v4  0.006898  0.008949  0.006898  1.000000  0.008519  0.009573\n",
        "v5  0.997199  0.010624  0.997199  0.008519  1.000000  0.933705\n",
        "v6  0.936434  0.361081  0.936434  0.009573  0.933705  1.000000"
       ]
      }
     ],
     "prompt_number": 27
    },
    {
     "cell_type": "code",
     "collapsed": false,
     "input": [
      "stddf = df.sub(df.mean()).describe()\n",
      "print(stddf.cov())"
     ],
     "language": "python",
     "metadata": {},
     "outputs": [
      {
       "output_type": "stream",
       "stream": "stdout",
       "text": [
        "                 v1               v2               v3               v4  \\\n",
        "v1  12499774.901795  12499761.023268  12499550.957176  12498879.460149   \n",
        "v2  12499761.023268  12499747.356090  12499538.057453  12498867.884048   \n",
        "v3  12499550.957176  12499538.057453  12499331.626895  12498666.028934   \n",
        "v4  12498879.460149  12498867.884048  12498666.028934  12498012.387348   \n",
        "v5  12499221.653703  12499212.106789  12499017.962439  12498372.752814   \n",
        "v6  12499501.996624  12499489.483402  12499284.438758  12498621.464544   \n",
        "\n",
        "                 v5               v6  \n",
        "v1  12499221.653703  12499501.996624  \n",
        "v2  12499212.106789  12499489.483402  \n",
        "v3  12499017.962439  12499284.438758  \n",
        "v4  12498372.752814  12498621.464544  \n",
        "v5  12498757.668284  12498976.866422  \n",
        "v6  12498976.866422  12499237.969240  \n"
       ]
      }
     ],
     "prompt_number": 29
    },
    {
     "cell_type": "code",
     "collapsed": false,
     "input": [
      "latent, coeff = linalg.eig(stddf.cov())"
     ],
     "language": "python",
     "metadata": {},
     "outputs": [],
     "prompt_number": 30
    },
    {
     "cell_type": "code",
     "collapsed": false,
     "input": [
      "DataFrame(coeff)"
     ],
     "language": "python",
     "metadata": {},
     "outputs": [
      {
       "html": [
        "<div style=\"max-height:1000px;max-width:1500px;overflow:auto;\">\n",
        "<table border=\"1\" class=\"dataframe\">\n",
        "  <thead>\n",
        "    <tr style=\"text-align: right;\">\n",
        "      <th></th>\n",
        "      <th>0</th>\n",
        "      <th>1</th>\n",
        "      <th>2</th>\n",
        "      <th>3</th>\n",
        "      <th>4</th>\n",
        "      <th>5</th>\n",
        "    </tr>\n",
        "  </thead>\n",
        "  <tbody>\n",
        "    <tr>\n",
        "      <th>0</th>\n",
        "      <td> 0.408259</td>\n",
        "      <td> 0.427506</td>\n",
        "      <td>-0.097629</td>\n",
        "      <td>-0.297606</td>\n",
        "      <td> 0.717532</td>\n",
        "      <td>-0.193934</td>\n",
        "    </tr>\n",
        "    <tr>\n",
        "      <th>1</th>\n",
        "      <td> 0.408258</td>\n",
        "      <td> 0.368728</td>\n",
        "      <td>-0.099061</td>\n",
        "      <td>-0.487072</td>\n",
        "      <td>-0.670932</td>\n",
        "      <td>-0.012789</td>\n",
        "    </tr>\n",
        "    <tr>\n",
        "      <th>2</th>\n",
        "      <td> 0.408252</td>\n",
        "      <td> 0.153725</td>\n",
        "      <td>-0.178969</td>\n",
        "      <td> 0.736024</td>\n",
        "      <td>-0.166302</td>\n",
        "      <td>-0.456380</td>\n",
        "    </tr>\n",
        "    <tr>\n",
        "      <th>3</th>\n",
        "      <td> 0.408230</td>\n",
        "      <td>-0.215985</td>\n",
        "      <td> 0.885130</td>\n",
        "      <td>-0.001184</td>\n",
        "      <td> 0.000964</td>\n",
        "      <td>-0.056935</td>\n",
        "    </tr>\n",
        "    <tr>\n",
        "      <th>4</th>\n",
        "      <td> 0.408242</td>\n",
        "      <td>-0.780292</td>\n",
        "      <td>-0.387778</td>\n",
        "      <td>-0.231219</td>\n",
        "      <td> 0.047279</td>\n",
        "      <td>-0.135699</td>\n",
        "    </tr>\n",
        "    <tr>\n",
        "      <th>5</th>\n",
        "      <td> 0.408250</td>\n",
        "      <td> 0.046274</td>\n",
        "      <td>-0.121654</td>\n",
        "      <td> 0.281065</td>\n",
        "      <td> 0.071459</td>\n",
        "      <td> 0.855738</td>\n",
        "    </tr>\n",
        "  </tbody>\n",
        "</table>\n",
        "</div>"
       ],
       "output_type": "pyout",
       "prompt_number": 35,
       "text": [
        "          0         1         2         3         4         5\n",
        "0  0.408259  0.427506 -0.097629 -0.297606  0.717532 -0.193934\n",
        "1  0.408258  0.368728 -0.099061 -0.487072 -0.670932 -0.012789\n",
        "2  0.408252  0.153725 -0.178969  0.736024 -0.166302 -0.456380\n",
        "3  0.408230 -0.215985  0.885130 -0.001184  0.000964 -0.056935\n",
        "4  0.408242 -0.780292 -0.387778 -0.231219  0.047279 -0.135699\n",
        "5  0.408250  0.046274 -0.121654  0.281065  0.071459  0.855738"
       ]
      }
     ],
     "prompt_number": 35
    },
    {
     "cell_type": "heading",
     "level": 1,
     "metadata": {},
     "source": [
      "Arrays & Matrices:"
     ]
    },
    {
     "cell_type": "code",
     "collapsed": false,
     "input": [
      "# false tolerant value retieval:\n",
      "dict = {'a':1,'b':2}\n",
      "dict.get('t',-1)  # return -1 if key is not in the dictionary"
     ],
     "language": "python",
     "metadata": {},
     "outputs": [
      {
       "output_type": "pyout",
       "prompt_number": 195,
       "text": [
        "-1"
       ]
      }
     ],
     "prompt_number": 195
    },
    {
     "cell_type": "code",
     "collapsed": false,
     "input": [
      "x = np.array(range(3))\n",
      "print(x.dot(x))\n",
      "x * x   # elementwise *"
     ],
     "language": "python",
     "metadata": {},
     "outputs": [
      {
       "output_type": "stream",
       "stream": "stdout",
       "text": [
        "5\n"
       ]
      },
      {
       "output_type": "pyout",
       "prompt_number": 2,
       "text": [
        "array([0, 1, 4])"
       ]
      }
     ],
     "prompt_number": 2
    },
    {
     "cell_type": "code",
     "collapsed": false,
     "input": [
      "x = np.array([0, 1])\n",
      "y = np.array([2, 3])\n",
      "x * y"
     ],
     "language": "python",
     "metadata": {},
     "outputs": [],
     "prompt_number": 8
    },
    {
     "cell_type": "code",
     "collapsed": false,
     "input": [
      "e = np.identity(3)\n",
      "e"
     ],
     "language": "python",
     "metadata": {},
     "outputs": [
      {
       "output_type": "pyout",
       "prompt_number": 2,
       "text": [
        "array([[ 1.,  0.,  0.],\n",
        "       [ 0.,  1.,  0.],\n",
        "       [ 0.,  0.,  1.]])"
       ]
      }
     ],
     "prompt_number": 2
    },
    {
     "cell_type": "code",
     "collapsed": false,
     "input": [
      "m = np.arange(6).reshape(3,2)\n",
      "m"
     ],
     "language": "python",
     "metadata": {},
     "outputs": [
      {
       "output_type": "pyout",
       "prompt_number": 3,
       "text": [
        "array([[0, 1],\n",
        "       [2, 3],\n",
        "       [4, 5]])"
       ]
      }
     ],
     "prompt_number": 3
    },
    {
     "cell_type": "code",
     "collapsed": false,
     "input": [
      "m[0,:]"
     ],
     "language": "python",
     "metadata": {},
     "outputs": [
      {
       "output_type": "pyout",
       "prompt_number": 133,
       "text": [
        "array([0, 1])"
       ]
      }
     ],
     "prompt_number": 133
    },
    {
     "cell_type": "code",
     "collapsed": false,
     "input": [
      "m[:,:1]"
     ],
     "language": "python",
     "metadata": {},
     "outputs": [
      {
       "output_type": "pyout",
       "prompt_number": 128,
       "text": [
        "array([[0],\n",
        "       [2],\n",
        "       [4]])"
       ]
      }
     ],
     "prompt_number": 128
    },
    {
     "cell_type": "code",
     "collapsed": false,
     "input": [
      "# elementwise multiplication\n",
      "np.multiply(e,np.arange(9).reshape((3,3))) # == e * np.arange(9).reshape((3,3))"
     ],
     "language": "python",
     "metadata": {},
     "outputs": [
      {
       "output_type": "pyout",
       "prompt_number": 7,
       "text": [
        "array([[ 0.,  0.,  0.],\n",
        "       [ 0.,  4.,  0.],\n",
        "       [ 0.,  0.,  8.]])"
       ]
      }
     ],
     "prompt_number": 7
    },
    {
     "cell_type": "code",
     "collapsed": false,
     "input": [
      "# real matrix multiplication\n",
      "np.dot(e,m)"
     ],
     "language": "python",
     "metadata": {},
     "outputs": [
      {
       "output_type": "pyout",
       "prompt_number": 125,
       "text": [
        "array([[ 0.,  1.],\n",
        "       [ 2.,  3.],\n",
        "       [ 4.,  5.]])"
       ]
      }
     ],
     "prompt_number": 125
    },
    {
     "cell_type": "code",
     "collapsed": false,
     "input": [
      "E = np.matrix(e)\n",
      "M = np.matrix(m)\n",
      "E*M"
     ],
     "language": "python",
     "metadata": {},
     "outputs": [
      {
       "output_type": "pyout",
       "prompt_number": 130,
       "text": [
        "matrix([[ 0.,  1.],\n",
        "        [ 2.,  3.],\n",
        "        [ 4.,  5.]])"
       ]
      }
     ],
     "prompt_number": 130
    },
    {
     "cell_type": "code",
     "collapsed": false,
     "input": [
      "M[0,:]"
     ],
     "language": "python",
     "metadata": {},
     "outputs": [
      {
       "output_type": "pyout",
       "prompt_number": 132,
       "text": [
        "matrix([[0, 1]])"
       ]
      }
     ],
     "prompt_number": 132
    },
    {
     "cell_type": "code",
     "collapsed": false,
     "input": [
      "M[:,0]"
     ],
     "language": "python",
     "metadata": {},
     "outputs": [
      {
       "output_type": "pyout",
       "prompt_number": 131,
       "text": [
        "matrix([[0],\n",
        "        [2],\n",
        "        [4]])"
       ]
      }
     ],
     "prompt_number": 131
    },
    {
     "cell_type": "heading",
     "level": 1,
     "metadata": {},
     "source": [
      "Broadcasting:"
     ]
    },
    {
     "cell_type": "code",
     "collapsed": false,
     "input": [
      "arr_1d = np.random.normal(size=3)\n",
      "arr_1d"
     ],
     "language": "python",
     "metadata": {},
     "outputs": [
      {
       "output_type": "pyout",
       "prompt_number": 10,
       "text": [
        "array([-1.58033814, -0.29357562,  0.45257015])"
       ]
      }
     ],
     "prompt_number": 10
    },
    {
     "cell_type": "code",
     "collapsed": false,
     "input": [
      "arr_1d[:, np.newaxis]"
     ],
     "language": "python",
     "metadata": {},
     "outputs": [
      {
       "output_type": "pyout",
       "prompt_number": 11,
       "text": [
        "array([[-1.58033814],\n",
        "       [-0.29357562],\n",
        "       [ 0.45257015]])"
       ]
      }
     ],
     "prompt_number": 11
    },
    {
     "cell_type": "code",
     "collapsed": false,
     "input": [
      "arr_1d[np.newaxis, :]"
     ],
     "language": "python",
     "metadata": {},
     "outputs": [
      {
       "output_type": "pyout",
       "prompt_number": 9,
       "text": [
        "array([[-1.71826784, -0.81097857, -0.0277865 ]])"
       ]
      }
     ],
     "prompt_number": 9
    },
    {
     "cell_type": "code",
     "collapsed": false,
     "input": [
      "arr = randn(3, 4, 5)\n",
      "arr.shape"
     ],
     "language": "python",
     "metadata": {},
     "outputs": [
      {
       "output_type": "pyout",
       "prompt_number": 12,
       "text": [
        "(3L, 4L, 5L)"
       ]
      }
     ],
     "prompt_number": 12
    },
    {
     "cell_type": "code",
     "collapsed": false,
     "input": [
      "depth_means = arr.mean(2)\n",
      "print(depth_means.shape)\n",
      "print(depth_means[:, :, np.newaxis].shape)"
     ],
     "language": "python",
     "metadata": {},
     "outputs": [
      {
       "output_type": "stream",
       "stream": "stdout",
       "text": [
        "(3L, 4L)\n",
        "(3L, 4L, 1L)\n"
       ]
      }
     ],
     "prompt_number": 17
    },
    {
     "cell_type": "code",
     "collapsed": false,
     "input": [
      "demean = arr - depth_means[:, :, np.newaxis]\n",
      "demean.mean(2)"
     ],
     "language": "python",
     "metadata": {},
     "outputs": [
      {
       "output_type": "pyout",
       "prompt_number": 15,
       "text": [
        "array([[  0.00000000e+00,  -6.66133815e-17,  -2.22044605e-17,\n",
        "          0.00000000e+00],\n",
        "       [  1.11022302e-17,   0.00000000e+00,   0.00000000e+00,\n",
        "         -6.66133815e-17],\n",
        "       [  2.22044605e-17,  -4.44089210e-17,   0.00000000e+00,\n",
        "          4.44089210e-17]])"
       ]
      }
     ],
     "prompt_number": 15
    },
    {
     "cell_type": "code",
     "collapsed": false,
     "input": [
      "arr = np.zeros((4, 3))\n",
      "arr[:2] = [[-1.37], [0.509]]\n",
      "arr"
     ],
     "language": "python",
     "metadata": {},
     "outputs": [
      {
       "output_type": "pyout",
       "prompt_number": 22,
       "text": [
        "array([[-1.37 , -1.37 , -1.37 ],\n",
        "       [ 0.509,  0.509,  0.509],\n",
        "       [ 0.   ,  0.   ,  0.   ],\n",
        "       [ 0.   ,  0.   ,  0.   ]])"
       ]
      }
     ],
     "prompt_number": 22
    },
    {
